64 * 64 * 64

-25.0 * 01111100
-24.0 * 0110101
-23.0 * 01111011
-21.0 * 111101011
-18.0 * 011111111
-17.0 * 1111110
-16.0 * 111001111
-15.0 * 1111111
-14.0 * 111110
-13.0 * 111100
-12.0 * 01111101
-11.0 * 011111110
-10.0 * 000001
-9.0 * 011011
-8.0 * 0110100
-6.0 * 111101010
-4.0 * 0111100
-3.0 * 001101
-2.0 * 00100
-1.0 * 010
0.0 * 10
1.0 * 110
2.0 * 01100
3.0 * 11101
4.0 * 111000
5.0 * 001110
6.0 * 011100
7.0 * 01111010
9.0 * 111001110
12.0 * 000000
13.0 * 1111011
14.0 * 001010
15.0 * 011111101
51.0 * 011111100
54.0 * 11110100
55.0 * 001111
56.0 * 1110010
57.0 * 001011
58.0 * 0001
59.0 * 011101
60.0 * 11100110
61.0 * 001100
62.0 * 00001

0010100011100101001100010100001
011010011110111000001
11110101100110111010001100
1111111001001101011001010011101
1111001011011010001100
0111110110111000110100001
011111110001001000001
1111010100101011100001010001011
0010100011101011101010100001
0110100001010101100101011100110
0111101100110111010110010110100001
1111110001001101000111011010001111
1111111101101101011100111001010011111100
111110100111101011010001111
011111010101101000111011010001111
0110100001001101001100110100001
11110110111001011101010100001
0110110111111011101001100010100001
011111000111100100110011011011010001011
1111110001000101011011010011101
11111010110010010100110011010001011
11111010111000110100001
1111000101011101110100001
01101100100101100101011100110
11110110011101011101010100001
0000010010101001100110010110010101110010
011010101111001011101110100001
11111100011011001110011010001111
111111101010001110010101110010
111110101110111010011101
1111000101000001
01101101010011110101101011110100
0000000111001011101010100001
000001000000101110001101011011010001111
01101010011011011101110100001
11111100101000001
111110101110111010011101
11110010110010100110001001010001011
1111000101000001
0110110101000001
1111011011100101110101011010001011
0000010000001011100011010001011
0111101101111001011101110100001
11100111101001010001100
111111110011100010101110010
1111101011101110101110001101011110100
111100010100110001010011101
000001001001000001
0000000111001011101010100001
0110110000001000001
01111100001101101110101100100001
1111110001001000001
111110010100110011010011101
11111010111000110100001
1111001011011010001100
0000010101000001
0010100111000101001100010100001
011011111101110111000110110101110010
01101010011011011101110100001
011111111001001011101010100110011010001111
11111110101011101110100001
11111011001010001100
11110001001010001100
01101100100100110001010011101

16 * 32 * 32

-12.0 * 11111
-11.0 * 010111
-7.0 * 11110
-6.0 * 01010
-5.0 * 0100
-4.0 * 010110
-3.0 * 000
0.0 * 10
1.0 * 110
3.0 * 0111
58.0 * 0110
62.0 * 001
63.0 * 1110

11111000100111110100110
01011011010001
01010101110
11110101110
11111000100111110100110
00011010001
0100101110
1111011010001
11111000100111110100110
00011010001
0100101110
0101011010001
010111000100111110100110
00011010001
0100101110
1111011010001

16 * 32 * 32

-1.0 * 101
0.0 * 11
1.0 * 00101
3.0 * 1000
23.0 * 10011
24.0 * 0100
25.0 * 000
26.0 * 0011
58.0 * 0101
61.0 * 10010
62.0 * 00100
63.0 * 011

000101111000101110101
0100101001011110010
00011011
001111011
0011101111000101110101
1001111011
010011011
00011011
0011101111000101110101
10011101001011110010
010011011
00011011
000101111000101110101
100111011100100
010011011
00011011

